14	8.45	1
15	5.85	1
16	11.7	1
17	15.6	1
18	14.95	1
12	10.4	8
11	6.5	8
13	7.8	1
1	15.6	9
2	15.6	9
3	16.9	10
4	18.85	10
5	17.55	13
6	18.2	14
7	26.65	15
8	16.25	16
9	16.9	17
10	13.65	18
1	13	2
2	8.45	2
3	6.5	2
4	11.05	2
5	10.4	2
6	8.45	2
1	13	3
2	9.75	3
3	10.4	3
4	12.35	3
5	9.75	3
6	7.8	3
7	14.3	3
8	15.6	3
11	17.55	11
12	11.05	11
9	16.25	3
10	12.35	3
11	17.55	3
12	13.65	3
13	13	3
14	10.4	3
15	14.3	3
16	11.7	3
17	14.3	3
18	10.4	3
13	16.25	12
14	24.05	19
15	28.6	20
16	11.7	12
17	14.3	12
18	16.9	23
11	9.1	4
12	7.8	4
13	14.3	4
14	16.25	4
15	13.65	4
16	17.55	4
1	5.2	5
2	11.05	5
3	12.35	5
4	8.45	5
5	12.35	5
6	5.85	5
7	9.1	5
1	10.4	21
2	10.4	22
1	11.7	6
2	11.7	6
3	13.65	6
4	11.7	6
5	13.65	6
6	9.75	6
7	13	6
8	13	6
9	15.6	6
10	13	6
3	17.55	24
4	51.35	25
5	30.55	26
6	25.35	27
7	27.3	28
8	8.45	29
13	11.7	7
14	7.15	7
15	11.7	7
16	11.05	7
17	9.75	7
18	11.05	7
9	14.3	30
10	16.25	30
11	15.6	31
12	20.8	32
13	19.5	33
14	18.2	34
21	7.15	1
22	8.45	1
23	9.75	1
24	11.05	1
25	9.75	1
26	7.8	1
19	11.05	41
20	2.6	42
21	3.9	43
22	9.75	44
21	8.45	35
22	9.1	35
23	7.8	35
24	9.75	35
25	10.4	40
26	10.4	40
27	9.75	40
28	8.45	40
29	11.7	45
30	5.85	46
23	11.05	47
24	8.45	48
25	8.45	48
26	6.5	49
21	7.8	3
22	7.15	3
23	7.8	3
24	10.4	3
25	9.1	3
26	6.5	3
27	7.8	3
28	26	50
29	18.2	51
20	11.7	3
19	11.05	3
28	11.05	3
29	9.1	3
30	9.75	3
27	15.6	52
30	15.6	53
31	6.5	3
32	7.8	3
19	12.35	36
20	9.1	36
21	7.8	36
22	6.5	36
23	9.75	36
24	7.15	36
25	9.75	54
26	7.8	54
27	5.2	55
26	2.6	37
27	4.55	37
28	5.85	37
29	3.25	37
30	6.5	37
31	9.75	37
32	6.5	37
31	5.85	54
32	5.2	54
23	7.15	54
22	4.55	54
21	5.2	54
20	7.15	54
19	5.2	54
24	9.75	55
25	10.4	56
26	8.45	57
23	7.8	38
24	7.15	38
25	5.85	38
26	5.85	38
27	7.8	38
28	7.15	38
29	6.5	38
30	8.45	38
21	11.7	58
22	7.8	59
23	6.5	59
24	17.55	60
25	11.05	61
26	12.35	62
27	26.65	63
28	13	64
29	20.15	65
19	7.8	39
20	8.45	39
21	7.15	39
22	7.8	39
23	7.8	39
24	7.15	39
25	8.45	39
26	13	66
27	13	67
28	14.95	68
29	14.3	69
30	17.55	70
19	18.85	71
20	16.9	72
31	4.55	1
32	4.55	1
33	3.9	1
34	3.25	1
45	2.6	1
46	3.25	1
37	3.9	1
38	3.9	1
39	4.55	1
40	1.95	1
41	4.55	73
42	5.2	73
43	5.85	74
44	9.75	75
31	6.5	76
32	7.15	77
33	7.8	78
34	14.95	79
35	4.55	80
36	3.25	80
37	9.75	80
38	9.1	80
39	5.85	80
40	9.1	80
41	8.45	80
42	6.5	80
43	10.4	81
44	3.9	82
31	7.15	83
32	6.5	84
33	7.15	85
34	7.15	86
31	3.25	3
32	3.25	3
33	4.55	3
34	5.2	3
35	5.85	3
36	4.55	3
37	6.5	3
38	4.55	3
39	3.9	3
40	4.55	3
41	3.25	3
42	2.6	3
43	3.9	3
44	3.25	3
35	6.5	87
36	9.1	88
37	5.85	89
38	6.5	90
39	9.75	91
40	6.5	92
45	5.2	3
46	3.25	3
41	5.85	93
42	6.5	93
43	7.15	93
44	2.6	93
45	5.85	93
46	4.55	93
31	6.5	93
32	5.2	93
33	5.85	93
34	7.15	93
35	3.9	93
36	3.25	93
37	6.5	94
38	5.85	94
39	13.65	95
40	9.1	96
41	9.75	97
42	5.85	98
43	11.05	99
44	16.25	100
45	7.15	101
46	6.5	102
31	3.9	103
32	5.85	103
33	6.5	103
34	5.2	103
35	4.55	103
36	7.15	103
37	7.8	104
38	9.75	104
39	11.05	104
40	11.05	104
57	2.6	1
58	4.55	1
59	3.25	1
60	2.6	1
61	5.2	1
62	3.9	1
47	5.85	1
48	5.2	1
49	5.2	1
50	6.5	1
47	10.4	108
48	7.15	109
49	9.75	110
50	8.45	111
51	4.55	112
52	5.85	112
53	5.2	112
54	14.95	113
47	5.85	3
48	3.25	3
49	4.55	3
50	4.55	3
51	5.85	3
52	5.85	3
53	5.2	3
54	6.5	3
55	6.5	3
56	5.85	3
55	8.45	114
56	5.85	115
57	10.4	116
58	10.4	117
59	12.35	118
60	20.15	119
61	10.4	120
62	7.15	121
47	3.25	105
48	5.85	105
49	1.95	105
50	1.95	105
51	5.2	105
52	3.9	105
53	1.95	105
54	4.55	105
55	1.95	105
56	2.6	105
57	3.9	105
58	3.25	105
59	3.25	105
60	3.25	105
61	3.25	105
62	4.55	105
47	9.1	122
48	6.5	123
49	3.9	123
50	9.75	124
51	3.25	106
52	5.2	106
53	5.2	106
54	9.1	106
55	4.55	106
56	5.2	106
57	3.9	106
58	4.55	106
59	7.8	106
60	4.55	106
61	3.9	106
62	3.9	106
51	9.1	125
52	9.75	126
53	6.5	127
54	7.8	127
55	7.15	128
56	5.2	129
57	11.05	130
58	7.15	131
49	4.55	107
50	6.5	107
51	5.2	107
52	4.55	107
53	4.55	107
54	5.2	107
55	5.2	107
56	5.85	107
57	4.55	107
58	5.2	107
59	5.2	107
60	5.85	107
61	4.55	107
62	5.85	107
59	11.7	132
60	11.05	133
61	3.9	134
62	3.9	134
47	11.7	135
48	9.1	136
79	8.45	1
70	7.15	1
71	9.75	1
72	9.75	1
75	11.05	1
74	9.1	1
77	5.85	1
76	7.8	1
73	9.75	1
78	9.1	1
63	10.4	137
64	9.75	138
65	13	139
66	13.65	140
67	17.55	141
68	9.75	142
69	13	143
70	13	144
71	9.75	145
72	14.3	146
63	7.8	3
64	7.15	3
65	7.15	3
66	7.15	3
67	7.8	3
68	7.8	3
69	6.5	3
70	7.15	3
71	7.8	3
72	7.15	3
73	5.85	3
74	5.85	3
75	5.2	3
76	7.8	3
77	7.8	3
78	5.85	3
73	8.45	147
74	10.4	148
75	10.4	149
76	9.1	150
77	14.3	151
78	9.75	152
79	4.55	3
63	3.9	153
65	2.6	153
63	10.4	154
64	9.75	155
65	10.4	156
66	12.35	157
67	12.35	158
66	9.75	153
67	8.45	153
68	8.45	153
69	4.55	153
70	5.85	153
71	6.5	153
72	4.55	153
67	7.8	159
70	12.35	160
71	9.75	161
72	11.7	162
73	10.4	163
74	6.5	163
75	9.1	163
76	10.4	163
77	10.4	163
78	9.1	163
79	9.75	163
64	9.1	163
65	7.8	163
66	9.1	163
67	7.15	163
68	7.15	163
69	9.1	163
70	6.5	163
73	8.45	164
74	7.15	164
75	6.5	164
76	13	164
77	9.75	164
78	10.4	164
71	7.15	165
72	7.8	165
73	8.45	165
74	5.85	165
75	5.2	165
76	5.85	165
77	6.5	165
78	7.15	165
79	8.45	165
64	8.45	165
79	7.8	166
64	9.1	167
65	17.55	168
66	17.55	168
67	15.6	169
68	9.1	170
69	6.5	171
70	6.5	171
71	6.5	171
72	6.5	171
91	6.5	1
92	7.15	1
93	9.1	1
94	7.8	1
95	7.8	1
96	7.15	1
97	9.1	1
98	9.1	1
99	7.15	1
100	9.75	1
101	7.8	1
102	5.85	1
103	5.85	1
104	6.5	1
105	7.15	1
80	9.1	1
81	13	172
82	9.75	173
83	6.5	174
84	17.55	175
85	13.65	176
86	16.25	177
87	7.8	178
88	18.85	179
81	7.8	3
82	6.5	3
83	9.75	3
84	7.15	3
85	7.8	3
86	9.1	3
87	8.45	3
88	7.15	3
89	7.8	3
90	7.8	3
91	7.15	3
92	8.45	3
93	7.15	3
94	9.1	3
95	7.8	3
96	9.1	3
97	9.1	3
98	11.05	3
99	11.05	3
100	9.75	3
101	10.4	3
102	9.1	3
103	11.7	3
104	9.1	3
105	6.5	3
80	11.05	3
89	6.5	180
90	4.55	180
91	11.05	180
92	9.75	180
93	17.55	181
94	14.3	182
95	18.2	182
96	6.5	182
97	5.85	182
98	7.15	182
99	13.65	183
100	16.25	184
101	7.15	185
102	7.8	185
81	7.8	186
82	5.2	186
83	4.55	186
84	4.55	186
85	5.2	186
86	3.25	186
87	5.2	186
88	4.55	186
89	6.5	186
90	8.45	186
91	5.2	186
92	9.1	186
93	7.8	186
94	9.1	186
95	7.15	186
96	7.15	186
103	9.1	187
104	9.1	187
105	9.1	187
80	11.05	188
81	9.1	189
82	8.45	190
83	11.7	191
84	9.75	192
85	9.75	192
86	11.7	192
87	5.85	192
88	10.4	192
97	7.8	193
98	7.15	193
99	5.2	193
100	9.75	193
101	10.4	193
102	7.8	193
103	8.45	193
104	6.5	193
105	7.15	193
80	8.45	193
81	5.85	193
82	7.15	193
83	8.45	193
84	6.5	193
89	10.4	194
90	12.35	195
91	6.5	196
92	14.3	197
93	8.45	198
94	7.8	198
95	9.1	198
96	14.3	199
85	3.25	200
86	4.55	200
87	4.55	200
88	9.1	200
89	9.75	200
90	8.45	200
91	8.45	200
92	8.45	200
93	8.45	200
94	7.15	200
95	8.45	200
97	18.85	201
98	20.8	202
99	6.5	203
100	6.5	203
101	5.85	203
102	5.85	203
103	13.65	204
104	10.4	205
129	7.8	1
106	6.5	1
107	5.85	1
108	4.55	1
109	5.85	1
110	6.5	1
111	8.45	1
112	11.05	1
113	6.5	1
114	7.8	1
115	6.5	206
116	13.65	207
117	9.75	208
118	14.95	209
119	9.1	210
120	6.5	210
121	9.75	210
122	7.8	210
129	7.15	3
106	6.5	3
107	3.25	3
108	5.2	3
109	4.55	3
110	5.2	3
111	5.2	3
112	3.9	3
113	5.2	3
114	6.5	3
115	5.2	3
116	5.85	3
117	5.85	3
118	6.5	3
119	5.85	3
120	7.8	3
121	5.2	3
122	3.25	3
123	5.2	3
124	5.2	3
125	5.85	3
126	6.5	3
127	6.5	3
128	4.55	3
123	7.15	211
124	4.55	211
125	3.9	211
126	8.45	212
127	4.55	212
128	4.55	213
129	8.45	213
106	3.9	214
107	3.25	214
108	9.1	214
109	8.45	215
110	5.85	215
111	5.2	215
112	8.45	215
113	5.85	215
114	6.5	215
115	5.2	215
116	5.85	215
117	9.1	215
118	5.85	215
119	9.75	216
120	5.2	217
121	6.5	217
122	9.75	218
123	11.05	219
124	11.05	220
125	7.8	221
126	9.1	222
127	3.9	223
128	4.55	223
129	5.85	224
106	6.5	224
107	4.55	224
108	6.5	224
109	5.2	224
110	7.15	224
111	6.5	224
112	5.85	224
113	6.5	224
114	5.85	224
115	7.8	224
116	6.5	224
117	7.8	224
118	7.15	224
119	6.5	224
120	7.8	224
121	5.2	224
122	5.85	224
123	3.9	224
124	6.5	224
125	5.85	225
126	7.8	226
127	8.45	227
128	7.8	228
129	7.15	228
106	9.1	229
107	8.45	230
108	7.8	231
109	7.15	231
110	7.8	232
111	7.15	233
112	7.8	233
113	8.45	233
114	5.85	233
115	4.55	233
116	8.45	233
117	5.85	233
118	5.85	233
119	7.15	233
120	6.5	233
121	7.15	233
122	5.85	233
123	7.15	233
124	5.85	233
125	7.15	233
126	5.85	233
127	7.15	234
128	10.4	235
129	12.35	236
106	13.65	237
107	11.7	238
108	10.4	239
109	13.65	240
110	13	241
111	12.35	242
112	7.15	243
113	11.7	244
114	10.4	245
115	10.4	246
116	8.45	247
